100
132
1000
7
111111111111111110
7135689
2
904136040203612107
717635691465720578
26064675265881763
916044956929091977
1000000000000000000
867
916601717808786848
519
989999999999
1134378
111111100631070259
36
345667782794662557
11466677778858785
1
999999999999999999
329999999999999999
71123448
626881306841966435
93334445566788899
9445557
88
834456777889
1332344
81222345
111233344566677775
42356679
219
241832948393
12346711
481918742106343017
428709828865315944
12221495
11123344556778880
98999999
622455567899
34625688
222205476964549967
111112333300
12244455666777747
865696328858049661
4134698
42
5499999
11112776
274090429416125344
411222333344566900
489417169390173010
178362747868502976
75
222233444444468899
22222233322379449
671171990921337959
547921010097768645
112444555525667999
11122233445779889
297521351935204403
111112222220
776256529396984368
81123333455668899
61246678
1222211
76
855566666677778999
1302037
447688154197128446
611223467789
412234555566667898
828
122333344445555505
230224456666888899
548453130153505783
112222222042
62222244455667898
401507513283670877
854527192991061539
233455378575
123566662258
795631822361834138
626
185751736650775881
944339113816237944
241
1111110
12022999
161605585279014653
15568489
21233445555666779
2134557
87999999999999999
760112551903370617
721209325839956312
631099418997436814
812233466777
