100
4 2
5 2
6 2
1000 1000
1000 1
999 127
606 594
945 936
500 128
500 249
1000 489
280 259
5 1
342 320
500 500
999 512
659 587
310 280
1000 127
301 230
1000 255
378 288
951 758
999 1
490 395
999 303
3 1
500 162
500 2
999 496
627 625
739 736
313 286
458 365
1 1
545 438
935 811
999 255
1000 500
500 88
500 255
500 244
999 497
999 498
1000 441
1000 512
999 998
744 599
558 437
1000 256
1000 999
500 251
621 471
999 2
4 1
612 506
364 351
999 128
903 700
880 770
1000 499
427 395
532 522
500 1
500 127
493 432
999 487
875 695
294 272
736 675
1000 488
1000 492
500 116
500 250
964 952
517 473
999 256
999 511
1000 128
999 499
999 999
500 248
499 396
367 344
1000 498
999 488
500 499
712 630
3 2
500 245
1000 2
2 1
500 117
1000 511
577 476
2 2
503 454
500 256
459 349
430 416
