100
4 2
5 2
6 2
1000 1000
1000 1
500000 1
1000000 499998
353640 348278
674010 560397
329260 253665
415381 315804
500000 128
909569 776150
780050 596587
974563 818219
999999 262143
500000 251813
999999 999998
1000000 1000000
500000 237857
3 2
1000000 1
999999 499997
999999 262144
393992 332719
999999 475712
1000000 432265
999999 499998
592673 467189
418047 401692
286528 283428
500000 250000
386564 321024
963150 880172
500000 131071
1000000 127
942454 785669
426284 418955
746276 591684
655165 628573
1000000 262144
5 1
999999 128
1000000 480184
281376 222121
944512 825741
999999 475711
1000000 2
1000000 499999
1000000 524288
782319 685464
718130 581334
2 1
999999 2
2 2
748037 643139
710283 642556
500000 2
291670 239245
397612 310497
500000 249998
999999 1
999999 499999
480615 418787
627275 508412
1000000 999999
1000000 128
603725 552776
500000 249999
999999 999999
480938 426652
500000 162118
385917 316404
999999 305558
500000 499999
300327 290890
999999 524287
4 1
999999 127
500000 262144
1000000 524287
500000 262143
3 1
777518 660090
993695 863698
1 1
1000000 475712
900293 881632
809835 624684
999999 524288
500000 237856
1000000 500000
634554 486760
500000 500000
999999 491680
1000000 475713
815022 680388
1000000 262143
500000 131072
500000 127
