100
2 3 2
1 1 1
2 1 1
2 1 2
3 2 3
4 2 2
97 7 95
1 91 1
42 6 26
100 1 100
100 3 33
1 43 1
14 7 2
4 1 3
100 4 9
3 4 1
1 64 1
1 3 1
100 1 1
4 29 1
1 4 1
25 2 16
2 3 1
2 2 1
81 6 8
97 6 73
80 8 9
2 44 1
55 4 43
60 3 47
28 12 3
3 2 2
2 4 1
3 29 1
84 9 27
80 3 68
1 2 1
1 25 1
92 5 29
100 3 34
2 59 1
1 79 1
1 81 1
1 62 1
100 2 49
100 4 25
4 1 4
68 2 32
1 85 1
10 18 1
28 12 2
49 2 17
100 1 99
4 3 1
81 9 9
10 5 2
61 5 2
28 1 27
100 2 50
14 15 10
100 4 24
100 9 12
29 11 28
3 2 1
23 8 6
7 12 4
80 1 64
36 1 15
1 11 1
81 1 81
3 37 1
32 11 31
30 4 23
1 100 1
36 9 18
28 1 28
10 5 1
3 3 1
37 8 34
4 4 1
73 6 32
14 7 1
81 1 80
3 1 3
81 9 8
100 9 11
10 12 6
53 8 17
80 8 10
4 3 2
4 2 1
8 16 8
7 7 2
1 19 1
65 6 35
30 8 10
83 9 36
3 35 1
9 2 1
3 1 2
